4.054445893001219 -2.057474228730414 -4.086114729278396 -1.857066784800281 -2.353875033183090 2.972219150140203 2.601622845739831 3.727407802537129 -5.405795720297365 -1.189208714679623
-2.057474228730413 -2.399023648878515 -4.703952051030937 0.151814437391474 -3.266242228279771 8.496415984605834 10.878610154325893 12.126518773700429 -13.453456710721806 -2.866117815734640
-4.086114729278396 -4.703952051030937 -0.706231554810718 -2.248172065969638 -2.061174763384707 2.442566303290795 5.004703320743913 6.835556454516316 -9.319433770582021 -2.882695953797676
-1.857066784800281 0.151814437391474 -2.248172065969638 13.562929796132529 -0.940446297297877 12.718592312712504 14.338137935090886 15.275333411971172 -7.499203670807886 2.901766496321218
-2.353875033183090 -3.266242228279771 -2.061174763384707 -0.940446297297877 2.270494770361353 0.283486327942983 2.128355279320795 2.616116621626959 -4.243124916779526 -2.246171440845145
2.972219150140203 8.496415984605836 2.442566303290795 12.718592312712504 0.283486327942983 11.430184420851974 5.887577413440368 6.317438532250279 6.574171700335414 6.363090839823901
2.601622845739831 10.878610154325893 5.004703320743914 14.338137935090886 2.128355279320795 5.887577413440368 10.237185418166867 5.072820647679841 10.898580200014351 8.140433638963042
3.727407802537127 12.126518773700429 6.835556454516316 15.275333411971168 2.616116621626959 6.317438532250279 5.072820647679842 10.495758660747663 11.563222331293151 8.017571400206799
-5.405795720297364 -13.453456710721806 -9.319433770582020 -7.499203670807886 -4.243124916779524 6.574171700335413 10.898580200014347 11.563222331293153 -15.819761267229000 -9.715207649676699
-1.189208714679622 -2.866117815734640 -2.882695953797676 2.901766496321218 -2.246171440845145 6.363090839823902 8.140433638963042 8.017571400206798 -9.715207649676699 2.874017511656635
